NAL        Ny Ålesund           78.92      11.95      75.25     112.08      15.43
LYR        Longyearbyen          78.2      15.82      75.12        113      15.16
HOR        Hornsund                77       15.6      74.13     109.59      13.37
HOP        Hopen Island         76.51      25.01      73.06      115.1      11.78
BJN        Bear Island           74.5       19.2      71.45     108.07       9.88
NOR        Nordkapp             71.09      25.79      67.73     109.39       6.96
SOR        Sørøya               70.54      22.22      67.34     106.17       6.74
ALT        Alta                 69.86      22.96      66.41      106.7       6.24
KEV        Kevo                 69.76      27.01      66.32     109.24       6.20
TRO        Tromsø               69.66      18.94      66.64      102.9       6.36
MAS        Masi                 69.46       23.7      66.18     106.42       6.13
AND        Andenes               69.3      16.03      66.45     100.37       6.26
KIL        Kilpisjärvi          69.06      20.77      65.94      103.8       6.02
KAU        Kautokeino           69.02      23.05      65.55     106.08       5.84
IVA        Ivalo                68.56      27.29       65.1     108.57       5.64
ABK        Abisko               68.35      18.82       65.3     101.75       5.73
LEK        Leknes               68.13      13.54       65.4       97.5       5.77
MUO        Muonio               68.02      23.53      64.72     105.22       5.48
LOZ        Lovozero             67.97      35.08      64.23     114.49       5.29
KIR        Kiruna               67.84      20.42      64.69     102.64       5.47
SOD        Sodankylä            67.37      26.63      63.92     107.26       5.17
PEL        Pello                 66.9      24.08      63.55     104.92       5.04
JCK        Jäckvik               66.4      16.98      63.47     101.67       5.01
DON        Dønna                66.11       12.5      63.38      95.23       4.98
RVK        Rørvik               64.94      10.98      62.23      93.31       4.61
LYC        Lycksele             64.61      18.75      61.44      99.29       4.38
OUJ        Oulujärvi            64.52      27.23      60.99     106.14       4.25
MEK        Mekrijärvi           62.77      30.97       59.1     108.45       3.79
HAN        Hankasalmi           62.25       26.6      58.69     104.54       3.70
DOB        Dombås               62.07       9.11      59.29       90.2       3.83
SOL        Solund               61.08       4.84      58.53      86.26       3.67
NUR        Nurmijärvi            60.5      24.65      56.89     102.18       3.35
UPS        Uppsala               59.9      17.35      56.51      95.84       3.28
KAR        Karmøy               59.21       5.24      56.43      85.67       3.27
TAR        Tartu                58.26      26.46      54.47     102.89       2.96
