#  n l nu [muHz] sigma [muHz]
10  0      1706.20843 1.0
11  0      1859.33686 1.0
13  0      2162.01505 1.0
14  0      2313.23910 1.0
15  0      2464.28592 1.0
16  0      2613.73103 1.0
17  0      2762.60126 1.0
18  0      2911.22081 1.0
19  0      3060.58525 1.0
20  0      3210.54749 1.0
10  1      1777.19987 1.0
11  1      1929.62528 1.0
12  1      2080.42803 1.0
13  1      2231.99955 1.0
14  1      2383.12676 1.0 
15  1      2533.66128 1.0
16  1      2682.88097 1.0
17  1      2831.48328 1.0
18  1      2980.71088 1.0
19  1      3130.32661 1.0
20  1      3280.61408 1.0
